  5   5  15  63  30  73 175 118 101 107 125  48  12  37  37  17
 32  30  43  98  27  22  40  37  35 116 143  44   9  48  52  39
 48  38  34  29  24  45  77  55  30 102  65  11  19  64  70  80
 27  48  77  38  31  20  16  16  20  46  41  16  30  32  30  74
  8   8   7  18  49  24   9   7   9  10  51  32  18  36  47  74
  6   6  30 122   7   7   9  16  13   6   6   7   8  83  54  92
  6   6  37 170  78  87 188 180  84  17  19  15  10   7   7  14
  6   6  37 191 204 177  75   7  99 185 192 149  36  10   9  41
 28   6   8   6   8   7   7   8   7   7   8   7   8   7   8  46
169   6   7   6   6   7   6   6   7   7   7   6   8   7   7  45
 32 115  10   7   6   7   6   6   6   6   6   7   7   7   7   6
 11 140   6  12   8   7   6   6   6   6   6   6   8   7   7 160
  7  32  98 154   7  11  10   6   6   9  11   9  21   8   6   8
  7   9  27 110  14  25  14   6   8   9  82 111  29   7   7   6
  8   9   8  34 100   7  11   9   7  24  16 127  82  71  37  13
  8   7   8   6   5   6   6   7  20  17   6   5  24  95  69  38
  5   5  15  63  30  73 175 118 101 107 125  48  12  37  37  17
 32  30  43  98  26  22  39  37  35 116 143  44   9  48  52  39
 48  38  34  29  24  45  77  55  30 102  65  11  19  64  70  80
 26  48  77  38  31  20  16  16  20  45  41  16  30  32  30  74
  8   8   7  18  49  23   9   7   8  10  51  32  17  36  47  74
  6   6  30 122   6   7   9  16  13   6   5   7   8  83  54  91
  6   6  36 170  78  86 188 180  84  16  19  15  10   7   7  14
  6   6  37 191 204 177  75   7  99 185 192 149  36  10   9  41
 28   6   8   6   8   6   7   8   7   7   8   6   8   7   8  46
169   6   7   6   6   6   6   6   7   7   6   6   7   7   7  45
 32 115   9   7   6   6   6   6   6   6   6   7   7   7   7   6
 11 140   6  12   8   6   6   6   6   6   6   6   8   7   7 160
  6  32  98 154   7  11  10   6   6   9  11   9  20   8   6   7
  7   9  27 110  14  25  14   6   8   9  82 111  29   7   7   6
  8   9   7  34 100   7  11   8   7  24  16 127  82  71  37  13
  8   7   8   6   4   5   6   7  20  17   6   5  24  95  69  38
  5   5  15  63  30  73 175 118 101 107 125  48  12  37  37  17
 32  30  43  98  27  22  40  37  35 116 143  44   9  48  52  39
 48  38  34  29  24  45  77  55  30 102  65  11  19  64  70  80
 27  48  77  38  31  20  16  16  20  46  41  16  30  32  30  74
  8   8   7  18  49  24   9   7   9  10  51  32  18  37  47  74
  6   6  30 122   7   7   9  16  13   6   6   7   8  83  54  92
  6   6  37 170  78  87 188 180  84  17  19  15  10   7   7  14
  6   6  37 191 204 177  75   7  99 185 192 149  36  10   9  41
 28   6   8   6   8   7   7   8   7   7   8   7   8   7   8  46
169   6   7   6   6   7   6   6   7   7   7   6   8   7   7  45
 32 115  10   7   6   7   6   6   6   6   6   7   7   7   7   6
 11 140   6  12   8   7   6   6   6   6   6   6   8   7   7 160
  7  32  98 154   7  11  10   6   6   9  11   9  21   8   6   8
  7   9  27 110  14  25  14   6   8   9  82 111  29   7   7   6
  8   9   8  34 100   7  11   9   7  24  16 127  82  71  37  13
  8   7   8   6   5   6   6   7  20  17   6   5  24  95  69  38

 17  39  80  74  74  92  14  41  46  45   6 161   7   6  13  38
 37  52  70  30  47  54   7   9   8   7   7   7   6   7  37  69
 37  48  64  32  36  83   7  10   7   7   7   7   8   7  71  95
 12   9  19  30  18   8  10  36   8   8   7   8  21  29  82  25
 48  44  11  16  32   7  15 149   7   6   7   6   9 111 127   5
125 143  65  41  51   6  19 192   8   7   6   6  11  82  16   6
107 116 102  46  10   6  17 185   7   7   6   6   9   9  24  17
101  35  30  20   9  13  84  99   7   7   6   6   6   8   7  20
118  37  55  16   7  16 180   7   8   6   6   6   6   6   9   7
175  40  77  16   9   9 188  75   7   6   6   6  10  14  11   6
 73  22  45  20  24   7  87 177   7   7   7   7  11  25   7   6
 30  27  24  31  49   7  78 204   8   6   6   8   7  14 100   5
 63  98  29  38  18 122 170 191   6   6   7  12 154 110  34   6
 15  43  34  77   7  30  37  37   8   7  10   6  98  27   8   8
  5  30  38  48   8   6   6   6   6   6 115 140  32   9   9   7
  5  32  48  27   8   6   6   6  28 168  32  11   7   7   8   8
 17  39  80  73  74  92  14  41  46  45   6 161   7   6  13  38
 37  52  70  30  47  54   7   9   8   7   7   7   6   7  37  69
 37  48  64  32  36  83   7  10   7   7   7   7   8   7  71  95
 12   9  19  30  17   8  10  36   8   7   7   8  20  29  82  24
 48  44  11  16  32   7  15 149   6   6   7   6   9 111 127   5
125 143  65  41  51   5  19 192   8   6   6   6  11  82  16   6
107 116 102  45  10   6  16 185   7   7   6   6   9   9  24  16
101  35  30  20   8  13  84  99   7   7   6   6   6   8   7  20
118  37  55  16   7  16 180   7   8   6   6   6   6   6   8   7
175  39  77  16   9   9 188  75   7   6   6   6  10  14  11   6
 73  22  45  20  23   7  86 177   6   6   6   6  11  25   7   5
 30  26  24  31  49   6  78 204   8   6   6   8   7  14 100   4
 63  98  29  38  18 122 170 191   6   6   7  12 154 110  34   6
 15  43  34  77   7  30  36  37   8   7   9   6  98  27   7   8
  5  30  38  48   8   6   6   6   6   6 115 140  32   9   9   7
  5  32  48  27   8   6   6   6  28 168  32  11   6   7   8   8
 17  39  80  74  74  92  14  41  46  45   6 161   7   6  13  38
 37  52  70  30  47  54   7   9   8   7   7   7   6   7  37  69
 37  48  64  32  37  83   7  10   7   7   7   7   8   7  71  95
 12   9  19  30  18   8  10  36   8   8   7   8  21  29  82  25
 48  44  11  16  32   7  15 149   7   6   7   6   9 111 127   5
125 143  65  41  51   6  19 192   8   7   6   6  11  82  16   6
107 116 102  46  10   6  17 185   7   7   6   6   9   9  24  17
101  35  30  20   9  13  84  99   7   7   6   6   6   8   7  20
118  37  55  16   7  16 180   7   8   6   6   6   6   6   9   7
175  40  77  16   9   9 188  75   7   6   6   6  10  14  11   6
 73  22  45  20  24   7  87 177   7   7   7   7  11  25   7   6
 30  27  24  31  49   7  78 204   8   6   6   8   7  14 100   5
 63  98  29  38  18 122 170 191   6   6   7  12 154 110  34   6
 15  43  34  77   7  30  37  37   8   7  10   6  98  27   8   8
  5  30  38  48   8   6   6   6   6   6 115 140  32   9   9   7
  5  32  48  27   8   6   6   6  28 168  33  11   7   7   8   8

 40  77  75  44  21   6  16  15   5   5  11  40  13   7   8   8
 16  41  52  67  88  47  33   6   7   9   7  64  48  17   6   6
  5   7   7  26  78  65  12   6   7   9  19  34  95  58  28   7
 15   9   9  11  12   8   7   5   5   7   8  13  89 121  38   5
107  24   6   8   6   5   4   6   5   5   5   7   9  40  49  12
 40   6   7  10   6   5   5   5   5   6   5  11   7  11  47  50
 39   6   6   6   6   5   5   6   5   5   5   6   5   5  18  81
 37   7   7  12  16  14   7   6   7   5   5   6   5   5   5  14
 36   8   8  33 122 185 167  92  41  81 137 160 114  19   5   8
 21   8  12  28  42  27  37  94 150 130 105 125 138  23   5  12
 57  57  53  13  12   5   5  14  21  11  16  39  86  17   5  10
 49  46  30  16  17  23  20  11   8   9  19  64  33   8   6  19
 49  41  43  38  20  40  40  19  21  21  22  34  41  49  37  28
 49  54  63  31  14  53  65  28  62  67  33  32  29  32  38  44
 40  33  37  14  37  97  84  66  77  58  26  65  92  36  30  30
 31  39  36  10  41 101  95  99 109 115  45  42  78  29   9   5
 40  77  75  44  21   6  16  15   5   5  11  40  13   7   8   8
 16  41  52  67  88  47  33   6   7   9   7  64  48  17   6   6
  5   7   7  26  78  65  12   6   7   9  19  34  95  58  28   7
 15   9   9  11  12   8   7   5   5   7   8  13  89 121  38   5
107  24   6   8   6   5   4   6   5   5   5   7   9  40  49  12
 40   6   7  10   6   5   5   5   5   6   5  11   7  11  47  50
 39   6   6   6   6   5   5   6   5   5   5   6   5   5  18  81
 37   7   7  12  16  14   7   6   7   5   5   6   5   5   5  14
 36   8   8  33 122 185 167  92  41  81 137 160 114  19   5   8
 21   8  12  28  42  27  37  94 150 130 105 125 138  23   5  12
 57  57  53  13  12   5   5  14  21  11  16  39  86  17   5  10
 49  46  30  16  17  23  20  11   8   9  19  64  33   8   6  19
 49  41  43  38  20  40  40  19  21  21  22  34  41  49  37  28
 49  54  63  31  14  53  65  28  62  67  33  32  29  32  38  44
 40  33  37  14  37  97  84  66  77  58  26  65  92  36  30  30
 31  39  36  10  41 101  95  99 109 115  45  42  78  29   9   5
 40  77  75  44  21   6  16  15   5   5  11  40  13   7   8   8
 16  41  52  67  88  47  33   6   7   9   7  64  48  17   6   6
  5   7   7  26  78  65  12   6   7   9  19  34  95  58  28   7
 15   9   9  11  12   8   7   5   5   7   8  13  89 121  38   5
107  24   6   8   6   5   4   6   5   5   5   7   9  40  49  12
 40   6   7  10   6   5   5   5   5   6   5  11   7  11  47  50
 39   6   6   6   6   5   5   6   5   5   5   6   5   5  18  81
 37   7   7  12  16  14   7   6   7   5   5   6   5   5   5  14
 36   8   8  33 122 185 167  92  41  81 137 160 114  19   5   8
 21   8  12  28  42  27  37  94 150 130 105 125 138  23   5  12
 57  57  53  13  12   5   5  14  21  11  16  39  86  17   5  10
 49  46  30  16  17  23  20  11   8   9  19  64  33   8   6  19
 49  41  43  38  20  40  40  19  21  21  22  34  41  49  37  28
 49  54  63  31  14  53  65  28  62  67  33  32  29  32  38  44
 40  33  37  14  37  97  84  66  77  58  26  65  92  36  30  30
 31  39  36  10  41 101  95  99 109 115  45  42  78  29   9   5

  8   6   7   5  12  50  81  14   8  12  10  19  28  44  30   5
  8   6  28  38  49  47  18   5   5   5   5   6  37  38  30   9
  7  17  58 121  40  11   5   5  19  23  17   8  49  32  36  29
 13  48  95  89   9   7   5   5 114 138  86  33  41  29  92  78
 40  64  34  13   7  11   6   6 160 125  39  64  34  32  65  42
 11   7  19   8   5   5   5   5 137 105  16  19  22  33  26  45
  5   9   9   7   5   6   5   5  81 130  11   9  21  67  58 115
  5   7   7   5   5   5   5   7  41 150  21   8  21  62  77 109
 15   6   6   5   6   5   6   6  92  94  14  11  19  28  66  99
 16  33  12   7   4   5   5   7 167  37   5  20  40  65  84  95
  6  47  65   8   5   5   5  14 185  27   5  23  40  53  97 101
 21  88  78  12   6   6   6  16 122  42  12  17  20  14  37  41
 44  67  26  11   8  10   6  12  33  28  13  16  38  31  14  10
 75  52   7   9   6   7   6   7   8  12  53  30  43  63  37  36
 77  41   7   9  24   6   6   7   8   8  57  46  41  54  33  39
 40  16   5  15 107  40  39  37  36  21  57  49  49  49  40  31
  8   6   7   5  12  50  81  14   8  12  10  19  28  44  30   5
  8   6  28  38  49  47  18   5   5   5   5   6  37  38  30   9
  7  17  58 121  40  11   5   5  19  23  17   8  49  32  36  29
 13  48  95  89   9   7   5   5 114 138  86  33  41  29  92  78
 40  64  34  13   7  11   6   6 160 125  39  64  34  32  65  42
 11   7  19   8   5   5   5   5 137 105  16  19  22  33  26  45
  5   9   9   7   5   6   5   5  81 130  11   9  21  67  58 115
  5   7   7   5   5   5   5   7  41 150  21   8  21  62  77 109
 15   6   6   5   6   5   6   6  92  94  14  11  19  28  66  99
 16  33  12   7   4   5   5   7 167  37   5  20  40  65  84  95
  6  47  65   8   5   5   5  14 185  27   5  23  40  53  97 101
 21  88  78  12   6   6   6  16 122  42  12  17  20  14  37  41
 44  67  26  11   8  10   6  12  33  28  13  16  38  31  14  10
 75  52   7   9   6   7   6   7   8  12  53  30  43  63  37  36
 77  41   7   9  24   6   6   7   8   8  57  46  41  54  33  39
 40  16   5  15 107  40  39  37  36  21  57  49  49  49  40  31
  8   6   7   5  12  50  81  14   8  12  10  19  28  44  30   5
  8   6  28  38  49  47  18   5   5   5   5   6  37  38  30   9
  7  17  58 121  40  11   5   5  19  23  17   8  49  32  36  29
 13  48  95  89   9   7   5   5 114 138  86  33  41  29  92  78
 40  64  34  13   7  11   6   6 160 125  39  64  34  32  65  42
 11   7  19   8   5   5   5   5 137 105  16  19  22  33  26  45
  5   9   9   7   5   6   5   5  81 130  11   9  21  67  58 115
  5   7   7   5   5   5   5   7  41 150  21   8  21  62  77 109
 15   6   6   5   6   5   6   6  92  94  14  11  19  28  66  99
 16  33  12   7   4   5   5   7 167  37   5  20  40  65  84  95
  6  47  65   8   5   5   5  14 185  27   5  23  40  53  97 101
 21  88  78  12   6   6   6  16 122  42  12  17  20  14  37  41
 44  67  26  11   8  10   6  12  33  28  13  16  38  31  14  10
 75  52   7   9   6   7   6   7   8  12  53  30  43  63  37  36
 77  41   7   9  24   6   6   7   8   8  57  46  41  54  33  39
 40  16   5  15 107  40  39  37  36  21  57  49  49  49  40  31
